t      fuego   arboles    vacios
1   175253   292036   699111
2   139788   222144   804468
3   77929   225116   863355
4   48204   263376   854820
5   34841   313733   817826
6   28312   367461   770627
7   25092   419773   721535
8   23961   468376   674063
9   24096   511852   630452
10   25479   549489   591432
11   27977   580619   557804
12   31376   605063   529961
13   36012   621704   508684
14   41552   631112   493736
15   47988   632325   486087
16   55333   625758   485309
17   63361   610622   492417
18   70493   589438   506469
19   77247   562759   526394
20   82326   533086   550988
21   85227   503305   577868
22   85727   475210   605463
23   83539   452222   630639
24   78595   436683   651122
25   71959   429841   664600
26   64552   431514   670334
27   57578   440821   668001
28   52038   455813   658549
29   48167   473366   644867
30   45954   491977   628469
31   45548   509492   611360
32   46721   523731   595948
33   49164   534108   583128
34   52581   539672   574147
35   56404   540846   569150
36   60184   537472   568744
37   63857   530560   571983
38   67503   520023   578874
39   70162   507416   588822
40   72042   494177   600181
41   72672   481375   612353
42   72365   470682   623353
43   70904   461663   633833
44   69128   455821   641451
45   66237   453605   646558
46   63000   454979   648421
47   59957   459743   646700
48   57314   467040   642046
49   55686   475314   635400
50   55032   484216   627152
51   55013   491990   619397
52   55822   498009   612569
53   57182   502498   606720
54   58989   503967   603444
55   60769   503845   601786
56   62740   501199   602461
57   64573   496543   605284
58   65921   491035   609444
59   66551   485424   614425
60   66865   479907   619628
61   67263   474987   624150
62   67042   470192   629166
63   66265   467068   633067
64   64669   465535   636196
65   63649   465855   636896
66   62070   468111   636219
67   60872   471039   634489
68   60173   474411   631816
69   59782   478007   628611
70   59599   481090   625711
71   60097   483146   623157
72   60068   485288   621044
73   60947   486381   619072
74   61522   486831   618047
75   62012   487198   617190
76   62928   485943   617529
77   63618   483761   619021
78   64651   480646   621103
79   64813   477980   623607
80   64584   475480   626336
81   63980   474467   627953
82   63666   473823   628911
83   62883   474157   629360
84   62573   474505   629322
85   62226   475167   629007
86   61926   476312   628162
87   61925   477038   627437
88   61611   477952   626837
89   61352   479238   625810
90   61309   480664   624427
91   61408   481883   623109
92   61970   482300   622130
93   62639   481904   621857
94   63578   480421   622401
95   63758   478840   623802
96   63841   477297   625262
97   63653   476157   626590
98   63882   474666   627852
