t      fuego   arboles    vacios
1   228   1787   2081
2   227   1781   2088
3   245   1744   2107
4   247   1719   2130
5   240   1687   2169
6   213   1712   2171
7   223   1708   2165
8   218   1722   2156
9   206   1717   2173
10   220   1701   2175
11   231   1685   2180
12   230   1681   2185
13   228   1666   2202
14   237   1695   2164
15   247   1672   2177
16   266   1624   2206
17   262   1583   2251
18   262   1559   2275
19   243   1543   2310
20   226   1558   2312
21   248   1566   2282
22   238   1553   2305
23   247   1538   2311
24   235   1523   2338
25   228   1514   2354
26   221   1519   2356
27   219   1544   2333
28   213   1555   2328
29   214   1559   2323
30   199   1582   2315
31   191   1625   2280
32   185   1690   2221
33   166   1750   2180
34   173   1803   2120
35   178   1832   2086
36   188   1844   2064
37   200   1860   2036
38   205   1838   2053
39   209   1863   2024
40   230   1824   2042
41   246   1799   2051
42   248   1757   2091
43   267   1694   2135
44   285   1632   2179
45   267   1591   2238
46   277   1523   2296
47   239   1520   2337
48   224   1501   2371
49   243   1495   2358
50   221   1525   2350
51   213   1544   2339
52   212   1561   2323
53   201   1602   2293
54   209   1654   2233
55   213   1660   2223
56   214   1680   2202
57   211   1670   2215
58   225   1655   2216
59   226   1629   2241
60   229   1617   2250
61   227   1618   2251
62   225   1606   2265
63   214   1629   2253
64   221   1640   2235
65   217   1684   2195
66   208   1670   2218
67   227   1669   2200
68   217   1682   2197
69   225   1672   2199
70   232   1680   2184
71   216   1701   2179
72   230   1684   2182
73   235   1673   2188
74   252   1653   2191
75   258   1608   2230
76   243   1581   2272
77   213   1623   2260
78   210   1659   2227
79   210   1662   2224
80   207   1674   2215
81   211   1693   2192
82   222   1678   2196
83   214   1675   2207
84   196   1693   2207
85   198   1740   2158
86   197   1760   2139
87   204   1764   2128
88   204   1789   2103
89   215   1805   2076
90   201   1798   2097
91   189   1830   2077
92   206   1831   2059
93   230   1793   2073
94   230   1773   2093
95   245   1728   2123
96   280   1665   2151
97   251   1627   2218
98   216   1630   2250
99   198   1645   2253
100   177   1700   2219
101   174   1756   2166
102   173   1812   2111
103   196   1834   2066
104   203   1842   2051
105   218   1848   2030
106   222   1851   2023
107   212   1824   2060
108   220   1810   2066
109   211   1805   2080
110   234   1766   2096
111   236   1759   2101
112   235   1715   2146
113   229   1708   2159
114   230   1697   2169
115   238   1669   2189
116   238   1658   2200
117   225   1655   2216
118   209   1672   2215
119   219   1663   2214
120   222   1695   2179
121   220   1701   2175
122   222   1704   2170
123   211   1737   2148
124   217   1738   2141
125   223   1733   2140
126   222   1721   2153
127   227   1733   2136
128   200   1738   2158
129   203   1761   2132
130   204   1774   2118
131   230   1763   2103
132   225   1715   2156
133   239   1680   2177
134   244   1641   2211
135   256   1602   2238
136   256   1568   2272
137   243   1550   2303
138   221   1564   2311
139   200   1580   2316
140   180   1621   2295
141   176   1669   2251
142   171   1737   2188
143   181   1763   2152
144   186   1814   2096
145   196   1810   2090
146   183   1821   2092
147   194   1852   2050
148   217   1830   2049
149   213   1814   2069
150   215   1798   2083
151   215   1793   2088
152   217   1771   2108
153   230   1754   2112
154   236   1734   2126
155   227   1725   2144
156   234   1681   2181
157   224   1669   2203
158   212   1672   2212
159   218   1672   2206
160   203   1686   2207
161   191   1718   2187
162   192   1739   2165
163   193   1785   2118
164   192   1815   2089
165   199   1828   2069
166   224   1837   2035
167   241   1788   2067
168   255   1735   2106
169   273   1683   2140
170   267   1623   2206
171   260   1587   2249
172   237   1578   2281
173   237   1571   2288
174   233   1593   2270
175   224   1591   2281
176   200   1599   2297
177   179   1629   2288
178   191   1672   2233
179   178   1716   2202
180   206   1729   2161
181   200   1768   2128
182   207   1787   2102
183   206   1780   2110
184   211   1787   2098
185   235   1747   2114
186   220   1736   2140
187   235   1708   2153
188   247   1681   2168
189   249   1641   2206
190   250   1615   2231
191   258   1566   2272
192   232   1567   2297
193   218   1569   2309
194   204   1581   2311
195   205   1608   2283
196   192   1643   2261
197   204   1674   2218
198   184   1733   2179
199   172   1756   2168
200   185   1783   2128
201   201   1787   2108
202   223   1783   2090
203   253   1729   2114
204   261   1649   2186
205   250   1630   2216
206   272   1558   2266
207   235   1553   2308
208   218   1572   2306
209   212   1573   2311
210   192   1602   2302
211   178   1637   2281
212   188   1677   2231
213   213   1662   2221
214   186   1707   2203
215   184   1750   2162
216   186   1775   2135
217   185   1806   2105
218   181   1842   2073
219   197   1852   2047
220   200   1852   2044
221   203   1834   2059
222   197   1843   2056
223   209   1863   2024
224   220   1838   2038
225   226   1814   2056
226   232   1775   2089
227   213   1742   2141
228   213   1748   2135
229   219   1744   2133
230   226   1708   2162
231   227   1704   2165
232   210   1689   2197
233   212   1701   2183
234   210   1708   2178
235   201   1742   2153
236   202   1763   2131
237   193   1770   2133
238   194   1781   2121
239   189   1805   2102
240   186   1805   2105
241   195   1828   2073
242   186   1836   2074
243   205   1838   2053
244   176   1861   2059
245   208   1849   2039
246   199   1835   2062
247   199   1840   2057
248   201   1825   2070
249   211   1825   2060
250   203   1844   2049
251   222   1830   2044
252   218   1783   2095
253   230   1772   2094
254   239   1735   2122
255   230   1720   2146
256   244   1708   2144
257   245   1687   2164
258   246   1671   2179
259   248   1632   2216
260   223   1622   2251
261   225   1647   2224
262   225   1634   2237
263   215   1643   2238
264   197   1668   2231
265   224   1625   2247
266   229   1619   2248
267   225   1602   2269
268   212   1629   2255
269   192   1661   2243
270   212   1694   2190
271   202   1730   2164
272   203   1740   2153
273   205   1738   2153
274   218   1723   2155
275   198   1729   2169
276   201   1752   2143
277   220   1769   2107
278   223   1769   2104
279   227   1761   2108
280   233   1727   2136
281   238   1712   2146
282   244   1693   2159
283   258   1650   2188
284   284   1577   2235
285   244   1573   2279
286   219   1574   2303
287   198   1592   2306
288   190   1641   2265
289   203   1657   2236
290   202   1662   2232
291   196   1697   2203
292   204   1724   2168
293   218   1760   2118
294   247   1722   2127
295   253   1656   2187
296   247   1606   2243
297   250   1578   2268
298   236   1589   2271
299   229   1597   2270
300   226   1595   2275
301   238   1574   2284
302   238   1567   2291
303   209   1577   2310
304   201   1583   2312
305   207   1617   2272
306   211   1623   2262
307   206   1652   2238
308   229   1665   2202
309   219   1674   2203
310   222   1674   2200
311   232   1667   2197
312   229   1655   2212
313   242   1635   2219
314   223   1611   2262
315   217   1618   2261
316   219   1618   2259
317   212   1624   2260
318   201   1640   2255
319   190   1678   2228
320   198   1697   2201
321   211   1727   2158
322   215   1727   2154
323   238   1692   2166
324   238   1671   2187
325   232   1656   2208
326   231   1636   2229
327   239   1626   2231
328   236   1616   2244
329   246   1608   2242
330   225   1615   2256
331   196   1613   2287
332   195   1648   2253
333   212   1621   2263
334   209   1628   2259
335   193   1647   2256
336   195   1674   2227
337   190   1715   2191
338   214   1714   2168
339   216   1718   2162
340   228   1697   2171
341   235   1667   2194
342   244   1637   2215
343   228   1624   2244
344   242   1612   2242
345   251   1573   2272
346   226   1550   2320
347   208   1576   2312
348   211   1581   2304
349   202   1636   2258
350   211   1663   2222
351   192   1706   2198
352   174   1732   2190
353   160   1778   2158
354   170   1823   2103
355   184   1851   2061
356   200   1857   2039
357   215   1877   2004
358   214   1861   2021
359   238   1823   2035
360   244   1793   2059
361   266   1734   2096
362   256   1692   2148
363   263   1644   2189
364   259   1607   2230
365   257   1566   2273
366   261   1547   2288
367   230   1538   2328
368   212   1561   2323
369   208   1546   2342
370   189   1585   2322
371   186   1618   2292
372   182   1672   2242
373   206   1673   2217
374   219   1662   2215
375   220   1654   2222
376   216   1672   2208
377   224   1646   2226
378   234   1627   2235
379   231   1607   2258
380   224   1648   2224
381   227   1663   2206
382   219   1657   2220
383   202   1679   2215
384   190   1683   2223
385   190   1701   2205
386   205   1733   2158
387   230   1749   2117
388   243   1724   2129
389   233   1705   2158
390   264   1650   2182
391   265   1610   2221
392   283   1558   2255
393   279   1507   2310
394   290   1439   2367
395   262   1399   2435
396   250   1396   2450
397   225   1413   2458
398   197   1460   2439
399   185   1521   2390
400   163   1601   2332
401   166   1687   2243
402   182   1749   2165
403   188   1786   2122
404   183   1831   2082
405   192   1837   2067
406   212   1846   2038
407   219   1816   2061
408   230   1760   2106
409   259   1718   2119
410   264   1645   2187
411   266   1599   2231
412   267   1552   2277
413   243   1557   2296
414   226   1549   2321
415   224   1553   2319
416   215   1566   2315
417   186   1603   2307
418   176   1663   2257
419   167   1699   2230
420   178   1708   2210
421   165   1779   2152
422   172   1814   2110
423   205   1797   2094
424   231   1796   2069
425   254   1725   2117
426   249   1670   2177
427   256   1629   2211
428   255   1580   2261
429   232   1585   2279
430   218   1615   2263
431   212   1650   2234
432   204   1685   2207
433   198   1714   2184
434   216   1698   2182
435   217   1696   2183
436   224   1685   2187
437   228   1686   2182
438   225   1704   2167
439   245   1643   2208
440   232   1641   2223
441   225   1637   2234
442   223   1645   2228
443   210   1673   2213
444   236   1673   2187
445   229   1680   2187
446   237   1664   2195
447   233   1680   2183
448   248   1641   2207
449   238   1620   2238
450   249   1618   2229
451   223   1622   2251
452   213   1637   2246
453   216   1674   2206
454   220   1670   2206
455   226   1667   2203
456   214   1666   2216
457   218   1656   2222
458   229   1663   2204
459   227   1675   2194
460   210   1666   2220
461   197   1679   2220
462   209   1710   2177
463   227   1687   2182
464   216   1705   2175
465   232   1690   2174
466   243   1656   2197
467   223   1640   2233
468   225   1636   2235
469   221   1655   2220
470   215   1659   2222
471   209   1672   2215
472   220   1677   2199
473   215   1671   2210
474   200   1685   2211
475   211   1678   2207
476   219   1703   2174
477   225   1665   2206
478   221   1659   2216
479   215   1670   2211
480   202   1686   2208
481   200   1708   2188
482   211   1693   2192
483   204   1726   2166
484   217   1696   2183
485   212   1692   2192
486   207   1703   2186
487   200   1742   2154
488   202   1759   2135
489   218   1745   2133
490   239   1740   2117
491   268   1687   2141
492   257   1633   2206
493   258   1640   2198
494   242   1620   2234
495   234   1605   2257
496   204   1636   2256
497   200   1673   2223
498   201   1692   2203
499   219   1704   2173
500   251   1664   2181
