Tamaño    Cantidad
1         175
2         52
3         22
4         16
5         11
6         8
7         3
8         7
9         2
10         3
11         2
12         2
13         2
14         3
15         1
18         1
19         1
20         1
21         1
22         1
23         1
28         1
30         1
31         2
34         1
38         1
46         1
53         1
63         1
69         1
227         1
Tamaño    Cantidad
1         149
2         46
3         21
4         16
5         14
6         5
7         3
8         4
9         4
10         1
11         3
12         2
13         3
14         3
15         1
17         1
19         2
20         2
21         1
25         1
33         1
39         1
49         1
63         1
65         1
89         1
135         1
154         1
198         1
Tamaño    Cantidad
1         173
2         46
3         20
4         12
5         9
6         11
7         4
8         5
9         4
10         1
11         3
13         4
14         1
15         3
16         1
18         1
19         1
20         1
28         1
29         1
30         1
31         1
39         1
45         2
56         1
59         1
61         1
132         1
224         1
Tamaño    Cantidad
1         154
2         41
3         22
4         15
5         11
6         9
7         4
8         5
9         3
10         3
11         1
12         2
13         1
15         1
21         1
22         1
23         1
28         1
39         2
49         1
62         1
63         1
75         1
103         1
156         1
198         1
210         1
Tamaño    Cantidad
1         173
2         35
3         28
4         6
5         9
6         5
7         6
8         3
9         5
10         3
11         1
13         1
14         2
15         1
16         1
18         1
19         1
20         2
26         1
27         1
29         1
30         1
31         1
46         1
60         1
63         1
77         1
80         1
94         1
121         1
322         1
Tamaño    Cantidad
1         179
2         37
3         24
4         7
5         9
6         7
7         11
8         3
9         2
10         3
11         6
12         3
14         1
15         1
16         1
17         3
18         1
22         1
24         2
25         1
26         1
33         1
35         1
40         1
44         1
45         1
56         1
58         1
111         1
290         1
Tamaño    Cantidad
1         164
2         41
3         25
4         11
5         8
6         5
7         3
8         5
9         3
10         1
11         3
12         2
14         3
15         3
16         2
18         2
19         3
21         2
24         1
25         1
26         1
30         1
31         1
32         1
38         1
49         1
50         1
51         1
98         1
120         1
227         1
Tamaño    Cantidad
1         230
2         44
3         17
4         10
5         1
6         1
7         1
8         1
9         2
Tamaño    Cantidad
1         218
2         38
3         16
4         4
5         2
7         1
Tamaño    Cantidad
1         172
2         63
3         27
4         15
5         14
6         5
7         4
8         3
9         3
10         1
11         2
13         2
14         1
16         2
17         2
18         1
19         1
20         1
21         1
22         1
24         2
27         2
30         1
31         1
39         1
51         1
101         1
107         1
117         1
168         1
Tamaño    Cantidad
1         167
2         34
3         21
4         11
5         7
6         12
7         4
8         1
9         4
10         3
11         1
19         2
21         1
22         1
23         1
25         1
27         1
29         1
32         3
42         2
44         1
46         1
54         1
73         1
74         1
130         1
175         1
268         1
Tamaño    Cantidad
1         123
2         22
3         9
4         6
5         1
7         1
Tamaño    Cantidad
1         144
2         23
3         9
4         6
5         1
7         1
Tamaño    Cantidad
1         118
2         13
3         6
4         2
5         2
6         3
Tamaño    Cantidad
1         126
2         22
3         6
4         3
5         2
6         2
Tamaño    Cantidad
1         128
2         29
3         6
4         2
5         1
6         2
7         1
Tamaño    Cantidad
1         122
2         24
3         7
4         3
6         1
7         1
11         1
Tamaño    Cantidad
1         123
2         40
3         30
4         22
5         16
6         15
7         11
8         7
9         6
10         7
11         3
12         5
13         1
15         2
16         1
17         1
18         1
19         1
21         1
23         1
24         3
25         1
26         1
27         2
28         1
30         1
31         1
34         1
35         1
36         1
38         1
39         1
41         2
61         1
76         1
Tamaño    Cantidad
1         144
2         24
3         12
4         2
Tamaño    Cantidad
1         189
2         65
3         41
4         23
5         17
6         13
7         8
8         5
9         6
10         2
11         2
12         3
14         3
15         1
16         2
17         1
19         3
20         2
21         1
22         1
23         2
25         2
27         1
28         1
30         1
35         1
36         1
39         2
48         1
49         1
53         1
56         1
Tamaño    Cantidad
1         184
2         41
3         18
4         13
5         6
6         7
7         4
8         3
9         1
10         3
11         2
12         1
14         2
15         3
16         2
17         2
18         1
20         1
22         1
23         2
24         1
25         1
27         1
28         1
29         1
36         1
47         1
83         1
122         1
128         1
135         1
173         1
Tamaño    Cantidad
1         183
2         41
3         18
4         12
5         7
6         6
7         6
9         2
10         5
11         1
12         1
14         1
15         1
16         2
17         3
19         2
22         1
23         1
24         1
25         1
28         1
30         1
31         1
35         1
37         2
41         1
94         1
144         1
156         1
203         1
Tamaño    Cantidad
1         182
2         36
3         28
4         10
5         6
6         3
7         4
8         5
9         3
11         3
12         1
13         1
14         1
15         1
17         1
19         1
20         2
21         1
27         1
29         1
35         1
40         2
55         1
78         1
90         1
96         1
116         1
151         1
213         1
Tamaño    Cantidad
1         172
2         53
3         22
4         14
5         11
6         7
7         7
8         4
10         3
11         3
13         1
14         3
16         3
17         1
18         4
20         1
21         2
22         1
25         3
31         2
37         1
38         1
59         1
62         2
74         1
104         1
170         1
Tamaño    Cantidad
1         182
2         60
3         34
4         30
5         15
6         16
7         9
8         6
9         8
10         6
11         7
12         2
13         6
14         3
15         1
16         3
18         1
19         1
20         1
21         1
22         3
23         1
25         1
27         1
39         1
45         1
56         1
103         1
Tamaño    Cantidad
1         183
2         62
3         36
4         20
5         16
6         17
7         13
8         6
9         8
10         4
11         5
12         3
13         4
14         5
15         3
16         3
17         1
18         4
19         1
20         1
24         1
26         1
30         1
31         1
35         1
36         1
39         1
42         1
52         1
Tamaño    Cantidad
1         163
2         56
3         33
4         23
5         22
6         14
7         11
8         8
9         4
10         2
11         4
12         2
13         1
14         1
15         1
16         1
17         1
18         3
19         3
20         2
21         2
23         3
24         1
26         1
27         1
28         2
30         2
46         1
50         1
53         1
87         1
Tamaño    Cantidad
1         165
2         50
3         24
4         12
5         7
6         10
7         3
8         2
9         2
10         6
11         1
12         1
13         2
14         1
18         3
20         2
22         1
25         1
27         1
28         2
32         2
41         1
53         1
100         1
101         1
201         1
242         1
Tamaño    Cantidad
1         166
2         33
3         14
4         13
5         7
6         5
7         9
8         6
9         2
10         1
11         3
12         2
18         1
19         1
20         2
22         1
25         1
28         1
32         2
54         1
62         1
77         1
94         1
203         1
494         1
Tamaño    Cantidad
1         208
2         43
3         23
4         14
5         8
6         6
7         3
8         4
9         4
10         3
11         1
12         3
13         1
14         5
17         1
23         1
27         1
44         1
46         1
52         1
78         1
81         1
101         1
207         1
212         1
Tamaño    Cantidad
1         12
2         3
3         9
4         1
5         3
6         2
7         1
8         1
12         2
13         1
14         1
15         4
16         2
17         2
18         4
19         2
21         4
22         2
23         4
24         1
25         1
26         1
28         3
29         2
30         2
31         1
36         1
38         3
40         2
41         1
43         2
49         1
50         1
57         2
64         7
Tamaño    Cantidad
1         11
2         15
3         6
4         5
5         8
6         10
7         4
8         7
9         6
10         4
11         2
12         3
14         4
15         2
16         3
17         2
18         2
19         1
20         3
21         4
23         1
25         1
26         1
28         3
29         2
30         2
31         5
33         2
35         1
36         2
39         1
41         1
45         1
46         1
50         2
54         1
64         2
Tamaño    Cantidad
1         435
2         125
3         81
4         31
5         18
6         16
7         5
8         2
9         3
10         1
12         1
13         1
Tamaño    Cantidad
1         167
2         35
3         48
4         26
5         9
6         16
7         18
8         9
9         7
10         5
11         4
12         2
13         2
15         3
16         2
17         3
18         2
19         2
20         1
21         2
25         2
26         1
27         1
28         1
29         1
31         1
33         1
37         1
38         1
42         2
Tamaño    Cantidad
1         165
2         49
3         31
4         26
5         14
6         15
7         7
8         6
9         7
10         4
11         6
12         4
13         2
14         1
15         3
16         2
17         4
18         1
19         3
20         1
21         2
22         1
24         4
25         1
26         1
28         2
29         1
30         1
36         1
47         1
48         1
Tamaño    Cantidad
1         180
2         51
3         49
4         20
5         16
6         16
7         13
8         9
9         9
10         5
11         4
12         3
13         1
14         2
15         1
17         1
18         1
21         3
24         1
25         1
26         1
28         3
30         1
31         2
44         1
58         1
88         1
Tamaño    Cantidad
1         170
2         53
3         39
4         26
5         18
6         12
7         10
8         13
9         9
10         6
12         4
13         4
14         4
15         3
16         1
17         1
18         3
19         3
20         2
21         3
22         3
24         1
25         2
26         1
30         2
42         1
Tamaño    Cantidad
1         189
2         65
3         51
4         33
5         17
6         16
7         8
8         3
9         5
10         9
11         2
12         3
13         4
15         1
16         1
17         1
18         2
19         2
20         1
21         3
23         1
24         1
30         1
31         2
34         2
36         1
44         1
Tamaño    Cantidad
1         168
2         47
3         37
4         18
5         19
6         17
7         8
8         9
9         6
10         5
11         3
12         4
13         3
15         2
16         2
17         2
18         2
19         2
22         2
23         1
24         5
28         2
31         3
33         1
36         1
45         1
87         1
Tamaño    Cantidad
1         164
2         62
3         27
4         21
5         22
6         14
7         12
8         5
9         8
10         3
11         7
12         5
13         6
14         1
15         3
17         1
19         2
20         1
21         2
22         2
23         1
25         1
26         1
28         1
29         1
31         1
32         1
34         1
45         1
61         1
69         1
Tamaño    Cantidad
1         171
2         56
3         34
4         23
5         15
6         18
7         15
8         11
9         7
10         5
11         3
12         2
13         7
14         4
15         5
17         2
18         2
21         1
23         1
24         1
28         3
33         1
35         1
36         1
44         1
49         1
Tamaño    Cantidad
1         169
2         64
3         31
4         20
5         22
6         20
7         3
8         11
9         11
10         6
11         5
12         6
13         5
14         3
15         2
16         2
17         3
18         3
19         3
20         1
21         1
22         2
30         1
73         1
Tamaño    Cantidad
1         171
2         61
3         31
4         29
5         11
6         12
7         7
8         5
9         8
10         4
11         6
12         2
13         5
14         1
15         3
16         1
17         1
19         2
20         1
23         1
25         1
29         1
30         1
34         2
35         1
36         1
37         1
45         1
47         1
52         1
64         1
Tamaño    Cantidad
1         665
2         204
3         141
4         89
5         73
6         46
7         39
8         30
9         29
10         20
11         21
12         15
13         11
14         9
15         10
16         4
17         10
18         8
19         4
20         6
21         3
22         1
23         6
24         2
25         3
26         4
27         2
28         1
29         1
31         2
32         3
33         1
34         1
36         3
40         1
41         2
42         2
44         2
46         2
48         1
51         1
54         1
55         1
62         1
72         1
73         1
96         1
Tamaño    Cantidad
1         672
2         173
3         87
4         54
5         26
6         23
7         18
8         9
9         9
10         13
11         3
12         2
13         7
14         4
15         1
16         5
17         4
18         2
19         4
20         1
21         1
24         2
26         2
27         4
28         1
29         3
30         2
31         1
33         2
34         1
36         1
40         2
41         2
42         1
43         1
44         1
47         1
49         1
52         1
53         1
56         1
57         2
58         1
59         1
63         1
64         1
65         1
73         1
77         1
83         1
85         1
86         1
88         1
112         2
114         1
126         1
137         1
152         1
155         1
165         1
223         1
290         1
351         1
Tamaño    Cantidad
1         667
2         145
3         84
4         55
5         37
6         20
7         14
8         15
9         6
10         6
11         5
12         6
13         7
14         11
15         4
16         1
17         5
18         3
19         2
20         1
21         1
22         3
23         2
24         3
25         1
26         1
28         2
29         1
30         3
32         2
34         2
35         1
36         1
38         2
40         1
42         1
46         2
50         2
51         1
52         1
56         1
57         1
60         1
61         1
62         1
66         1
68         1
69         1
73         1
75         1
79         1
90         1
93         1
111         1
116         1
117         1
124         1
129         1
137         1
166         1
255         1
272         2
276         1
285         1
Tamaño    Cantidad
1         695
2         151
3         80
4         60
5         36
6         29
7         19
8         17
9         6
10         9
11         8
12         10
13         3
14         3
15         5
16         1
17         2
18         5
19         3
20         2
21         2
22         2
23         1
24         2
26         1
27         1
28         5
29         1
31         1
35         1
36         1
38         1
42         2
44         1
47         1
49         1
52         1
55         1
58         1
62         1
64         1
66         1
67         1
76         1
80         1
93         1
104         1
105         1
116         1
122         1
132         1
145         1
158         1
161         1
175         1
178         1
182         1
206         1
257         1
318         1
Tamaño    Cantidad
1         654
2         136
3         71
4         52
5         34
6         19
7         11
8         14
9         9
10         8
11         8
12         5
13         8
14         6
15         9
16         4
17         6
18         3
19         4
20         3
21         1
22         2
24         4
26         2
27         2
28         1
29         2
30         2
33         3
34         1
40         1
42         2
54         1
55         1
56         2
66         1
68         1
71         1
77         2
84         1
89         1
99         2
101         1
117         1
128         1
129         1
144         1
154         1
186         1
212         1
388         1
395         1
509         1
Tamaño    Cantidad
1         652
2         142
3         92
4         62
5         43
6         17
7         12
8         15
9         18
10         15
11         5
12         8
13         2
14         4
15         1
16         2
17         5
18         3
19         6
20         1
21         3
22         1
23         3
27         3
28         2
29         3
31         1
32         1
33         1
34         2
36         1
38         1
39         1
40         1
42         1
50         1
51         1
52         1
53         1
57         1
58         2
59         2
63         1
68         1
74         1
95         1
103         1
137         1
139         1
142         1
143         1
151         2
164         1
238         1
256         1
282         1
334         1
Tamaño    Cantidad
1         637
2         151
3         78
4         51
5         28
6         21
7         16
8         16
9         13
10         9
11         11
12         8
13         6
14         2
15         6
16         2
17         2
18         4
19         2
20         3
21         2
22         1
23         2
24         3
25         3
26         2
28         1
29         1
30         1
32         3
34         2
35         1
37         1
39         1
40         3
41         1
48         1
49         1
58         1
63         1
64         3
74         1
75         1
78         1
86         1
96         1
97         1
108         2
112         1
114         1
145         1
154         1
176         1
187         1
253         1
285         1
355         1
408         1
Tamaño    Cantidad
1         177
2         43
3         24
4         14
5         9
6         5
7         3
8         5
9         2
10         3
11         2
12         1
13         1
15         2
16         1
19         2
20         1
21         2
22         1
24         1
25         1
26         1
27         1
29         2
34         1
38         1
40         1
45         1
47         1
72         1
91         1
149         1
238         1
Tamaño    Cantidad
1         187
2         37
3         24
4         16
5         15
6         5
7         5
8         4
10         1
11         3
12         1
13         1
14         1
15         2
17         1
20         1
21         2
23         1
33         2
38         1
39         1
40         1
43         1
60         1
89         1
91         1
195         1
238         1
